grid: 0 (equidistant angles)
omega_policy: 0 (flat)
rounding error in [1, 1) * 100%
alpha in [1, 1)
residuum: 1
residuum: 0.0485726
residuum: 0.000977169
residuum: 1.82455e-05
residuum: 0.00101256
No convergence, residuum was 0.00101256!
.test1.1 finished!
