grid: 0 (equidistant angles)
omega_policy: 0 (flat)
rounding error in [1, 1) * 100%
alpha in [1, 1)
residuum: 1
residuum: 0.0386931
residuum: 0.000803346
residuum: 1.41715e-05
residuum: 1.02794e-05
residuum: 1.02791e-05
No convergence, residuum was 1.02791e-05!
.test3.1 finished!
