grid: 0 (equidistant angles)
omega_policy: 0 (flat)
rounding error in [1, 1) * 100%
alpha in [1, 1)
residuum: 1
residuum: 0.677859
residuum: 0.360526
residuum: 0.0703951
residuum: 0.0179468
residuum: 0.00526938
residuum: 0.00166749
residuum: 0.000928711
residuum: 0.000546911
residuum: 0.000272177
.test1.2 finished!
