grid: 0 (equidistant angles)
omega_policy: 0 (flat)
rounding error in [1, 1) * 100%
alpha in [1, 1)
residuum: 1
residuum: 0.841157
residuum: 0.408178
residuum: 0.142743
residuum: 0.0928629
residuum: 0.0636437
residuum: 0.0496179
residuum: 0.0275889
residuum: 0.031357
No convergence, residuum was 0.031357!
.test1.5 finished!
