grid: 0 (equidistant angles)
omega_policy: 0 (flat)
rounding error in [1, 1) * 100%
alpha in [1, 1)
residuum: 1
residuum: 0.0485726
residuum: 0.000971526
residuum: 1.82167e-05
residuum: 0.000966664
No convergence, residuum was 0.000966664!
.test1.1 finished!
