% Copyright (c) 2002, 2017 Jens Keiner, Stefan Kunis, Daniel Potts
%
% This program is free software; you can redistribute it and/or modify it under
% the terms of the GNU General Public License as published by the Free Software
% Foundation; either version 2 of the License, or (at your option) any later
% version.
%
% This program is distributed in the hope that it will be useful, but WITHOUT
% ANY WARRANTY; without even the implied warranty of MERCHANTABILITY or FITNESS
% FOR A PARTICULAR PURPOSE.  See the GNU General Public License for more
% details.
%
% You should have received a copy of the GNU General Public License along with
% this program; if not, write to the Free Software Foundation, Inc., 51
% Franklin Street, Fifth Floor, Boston, MA 02110-1301, USA.
N=1000;	M=1000;
delta=2.000e+01+i*4.000e+01;
error=[
8	1.451e-03	4.437e-03	9.238e-03
12	2.694e-04	1.785e-03	6.038e-03
16	2.198e-05	6.606e-04	1.779e-03
20	6.005e-05	1.084e-04	8.691e-04
24	5.849e-05	2.308e-05	2.467e-04
28	4.324e-05	2.349e-06	5.028e-05
32	6.813e-05	6.029e-08	7.187e-06
36	7.196e-05	5.159e-09	2.697e-06
40	3.732e-05	7.599e-11	9.629e-08
44	3.987e-05	1.102e-11	2.765e-08
48	6.336e-05	1.013e-11	3.984e-09
52	3.398e-05	7.971e-12	2.666e-10
56	3.791e-05	4.946e-12	1.691e-11
60	4.210e-05	1.251e-11	6.452e-13
64	5.044e-05	1.025e-11	4.226e-14
68	2.582e-05	4.764e-12	2.546e-15
72	4.118e-05	8.966e-12	1.958e-16
76	4.142e-05	8.439e-12	1.198e-16
80	6.218e-05	1.454e-11	2.520e-16
84	7.961e-05	1.330e-11	9.814e-17
88	4.900e-05	1.787e-11	1.585e-16
92	5.378e-05	1.005e-11	2.645e-16
96	2.436e-05	5.746e-12	1.541e-16
100	4.269e-05	1.186e-11	1.027e-16
104	3.258e-05	8.346e-12	1.648e-16
108	4.094e-05	1.176e-11	3.433e-16
112	6.134e-05	1.921e-11	2.092e-16
116	8.709e-05	1.517e-11	1.741e-16
120	2.122e-05	6.791e-12	3.134e-16
124	5.029e-05	5.540e-12	5.232e-16
128	3.538e-05	7.571e-12	5.073e-16
];
