 To get started, select MATLAB Help or Demos from the Help menu.

>> !make
make: Für das Ziel »all« ist nichts zu tun.
>> mri_inh4
6.866545e+01,  1 of 1
time: 8.688680e-01 seconds

ans =

     1

6.866545e+01,  1 of 2
1.729715e+01,  2 of 2
time: 1.323799e+00 seconds

ans =

     1

6.866545e+01,  1 of 5
1.729715e+01,  2 of 5
2.882313e+00,  3 of 5
2.087230e+00,  4 of 5
1.564094e+00,  5 of 5
time: 2.640599e+00 seconds

ans =

     1

6.866545e+01,  1 of 10
1.729715e+01,  2 of 10
2.882313e+00,  3 of 10
2.087230e+00,  4 of 10
1.564094e+00,  5 of 10
1.253400e+00,  6 of 10
1.029206e+00,  7 of 10
8.698195e-01,  8 of 10
7.627962e-01,  9 of 10
6.631436e-01,  10 of 10
time: 4.863260e+00 seconds

ans =

     1

1
2
3:  35 1.000000e+00 -5.000000e-01 5.000000e-01 2.000000e+00 1.149597e+01 7.747987e+00
6.866545e+01,  1 of 1
time: 1.983898e+01 seconds

ans =

     1

1
2
3:  35 1.000000e+00 -5.000000e-01 5.000000e-01 2.000000e+00 1.149597e+01 7.747987e+00
6.866545e+01,  1 of 2
1.706574e+01,  2 of 2
time: 2.976248e+01 seconds

ans =

     1

1
2
3:  35 1.000000e+00 -5.000000e-01 5.000000e-01 2.000000e+00 1.149597e+01 7.747987e+00
6.866545e+01,  1 of 5
1.706574e+01,  2 of 5
3.169472e+00,  3 of 5
2.068813e+00,  4 of 5
1.598449e+00,  5 of 5
time: 5.953295e+01 seconds

ans =

     1

1
2
3:  35 1.000000e+00 -5.000000e-01 5.000000e-01 2.000000e+00 1.149597e+01 7.747987e+00
6.866545e+01,  1 of 10
1.706574e+01,  2 of 10
3.169472e+00,  3 of 10
2.068813e+00,  4 of 10
1.598449e+00,  5 of 10
1.237642e+00,  6 of 10
1.012573e+00,  7 of 10
8.784366e-01,  8 of 10
7.355939e-01,  9 of 10
6.581523e-01,  10 of 10
time: 1.092944e+02 seconds

ans =

     1

1
2
3:  35 1.285714e+00 0.000000e+00 4.142857e-01 -5.000000e-01 5.000000e-01 2.000000e+00 1.149597e+01 7.747987e+00
6.866545e+01,  1 of 1
time: 5.313092e+01 seconds

ans =

     1

1
2
3:  35 1.285714e+00 0.000000e+00 4.142857e-01 -5.000000e-01 5.000000e-01 2.000000e+00 1.149597e+01 7.747987e+00
^A6.866545e+01,  1 of 2
1.939334e+01,  2 of 2
time: 7.966889e+01 seconds

ans =

     1

1
2
3:  35 1.285714e+00 0.000000e+00 4.142857e-01 -5.000000e-01 5.000000e-01 2.000000e+00 1.149597e+01 7.747987e+00
6.866545e+01,  1 of 5
1.939334e+01,  2 of 5
3.928586e+01,  3 of 5
5.773093e+01,  4 of 5
7.226717e+01,  5 of 5
time: 1.593988e+02 seconds

ans =

     1

1
2
3:  35 1.285714e+00 0.000000e+00 4.142857e-01 -5.000000e-01 5.000000e-01 2.000000e+00 1.149597e+01 7.747987e+00
6.866545e+01,  1 of 10
1.939334e+01,  2 of 10
3.928586e+01,  3 of 10
5.773093e+01,  4 of 10
7.226717e+01,  5 of 10
8.669475e+01,  6 of 10
1.022160e+02,  7 of 10
1.191508e+02,  8 of 10
1.375171e+02,  9 of 10
1.572188e+02,  10 of 10
time: 2.923945e+02 seconds

ans =

     1

1
2
3:  12 1.200000e+00 -5.000000e-01 5.000000e-01 2.000000e+00 1.149597e+01 7.747987e+00
./reconstruct_data_inh_nnfft output_phantom_nfft.dat 256 75520 1 1: Segmentation fault

ans =

   139

1
2
3:  12 1.200000e+00 -5.000000e-01 5.000000e-01 2.000000e+00 1.149597e+01 7.747987e+00
./reconstruct_data_inh_nnfft output_phantom_nfft.dat 256 75520 2 1: Segmentation fault

ans =

   139
